3	5	11	15	4	8	6	2	13	12	-999
3	13	7	10	4	8	12	9	6	5	-999
10	9	7	3	4	15	2	14	8	13	-999
5	9	7	14	2	6	13	4	11	3	-999
14	12	1	6	10	11	7	4	9	5	-999
1	7	17	12	9	5	20	4	18	19	3	10	2	14	16	-999
19	5	11	18	7	14	2	6	13	10	17	16	8	15	12	-999
11	2	5	7	8	12	18	14	4	6	10	19	9	3	1	-999
3	16	11	20	5	18	9	4	2	12	17	15	1	14	19	-999
1	9	8	14	4	2	11	18	15	10	17	16	12	20	19	-999
25	9	20	10	15	3	21	11	19	24	13	4	1	6	22	7	8	23	14	18	-999
5	16	8	9	17	14	7	12	3	10	23	6	4	22	13	1	20	18	24	2	-999
25	8	2	18	15	1	13	11	4	20	12	14	6	24	3	5	22	19	10	17	-999
21	11	19	4	15	24	5	22	13	25	17	23	12	6	14	8	10	2	9	7	-999
9	22	8	7	20	23	5	12	11	1	24	17	10	18	15	4	25	21	14	19	-999
8	6	19	12	3	26	18	5	15	25	13	30	14	21	24	29	20	16	22	23	27	11	4	2	9	-999
2	27	29	4	15	25	30	23	11	28	7	18	6	14	19	10	17	16	8	20	9	21	3	26	5	-999
23	17	21	2	22	18	4	11	1	15	9	14	3	30	29	26	19	20	24	8	28	25	13	7	27	-999
28	7	8	22	20	27	3	6	12	4	10	23	24	13	15	5	25	30	26	18	19	9	2	16	21	-999
15	26	14	1	29	20	22	18	7	3	19	12	16	8	25	9	13	24	21	6	11	28	23	30	10	-999
1	2	3	4	5	6	7	8	9	10	11	12	13	14	15	16	17	18	19	20	21	22	23	24	25	26	27	28	29	30	-999